(913, [956.0, 956.0, 956.0, 956.0, 930.0, 930.0, 956.0, 956.0])
(1225, [1351.0, 1264.0, 1535.0, 1374.0, 1374.0, 1374.0, 1374.0, 1374.0])
(537, [573.0, 573.0, 573.0, 573.0, 573.0, 573.0, 573.0, 573.0])
(2094, [2094.0, 2127.0, 2254.0, 2098.0, 2094.0, 2307.0, 2094.0, 2121.0])
(990, [990.0, 990.0, 990.0, 990.0, 990.0, 990.0, 990.0, 990.0])
(6955, [7024.0, 6955.0, 7484.0, 6955.0, 6955.0, 6955.0, 6955.0, 6955.0])
(6324, [6571.0, 6571.0, 6447.0, 6324.0, 6571.0, 6324.0, 6571.0, 6571.0])
(6865, [6927.0, 6865.0, 6865.0, 6893.0, 6865.0, 6865.0, 6865.0, 6865.0])
(16225, [16225.0, 16472.0, 16468.0, 16348.0, 16758.0, 16740.0, 16530.0, 16706.0])
(9737, [9771.0, 9899.0, 9741.0, 9771.0, 9771.0, 9903.0, 9741.0, 9771.0])
(17465, [17562.0, 17465.0, 17966.0, 17465.0, 17876.0, 17562.0, 17562.0, 17562.0])
